6
8
20
2
10
14
1
4
8
46
1
5
2
2
25
4
13
5
4
14
13
22
20
1
8
27
5
0
1
25
13
7
1
7
11
6
4
2
2
19
2
8
12
20
10
3
10
19
1
29
10
9
15
10
2
10
4
12
48
9
5
1
3
1
2
6
1
8
1
2
3
27
4
4
7
1
4
5
3
1
11
5
6
2
14
0
7
23
5
1
70
4
0
63
11
15
16
7
6
6
2
2
52
12
12
12
1
1
8
3
7
9
2
1
6
55
5
33
8
1
6
2
90
11
6
6
16
4
4
1
6
3
6
4
1
14
1
12
3
4
9
2
2
2
3
3
7
32
1
2
1
5
3
3
3
2
5
56
8
2
126
2
1
7
29
4
5
1
5
3
5
31
4
4
2
8
10
5
6
6
6
5
2
4
29
10
3
31
9
8
2
2
12
4
2
3
7
2
2
1
2
3
1
1
17
7
2
8
1
4
6
2
2
6
61
33
1
2
6
2
4
3
23
57
45
2
15
2
12
18
3
2
6
5
6
2
3
8
63
85
3
5
35
91
6
2
5
20
4
1
2
6
5
19
4
3
8
2
2
3
5
5
20
6
2
3
4
64
9
15
9
4
21
5
1
3
3
2
11
1
1
2
1
7
2
7
15
2
68
9
8
9
3
7
15
24
2
14
3
2
4
1
3
2
9
4
1
9
16
2
9
7
3
1
8
1
1
16
3
3
7
22
8
2
20
4
29
51
1
3
21
3
8
4
76
4
5
15
36
5
27
3
8
1
9
6
1
1
6
3
2
6
2
4
5
6
3
3
4
11
3
3
1
30
1
45
2
9
19
5
9
1
6
3
6
6
2
4
20
10
20
1
1
10
1
3
17
6
5
6
4
4
15
4
6
2
1
4
8
2
10
2
22
8
6
1
6
35
15
4
2
4
3
4
4
4
8
2
6
2
11
8
5
1
2
4
1
6
4
24
25
11
4
2
12
16
11
3
4
10
15
7
7
5
7
7
6
4
4
12
2
6
5
10
9
6
1
2
21
14
7
3
24
7
2
45
1
3
13
2
6
1
12
7
2
8
4
5
2
15
28
1
2
17
3
1
6
8
1
7
6
2
1
3
2
20
1
34
8
8
4
2
2
1
3
18
1
10
4
2
6
2
10
35
1
1
37
11
5
9
20
6
3
2
10
3
19
10
6
2
28
2
6
31
9
2
2
15
3
5
3
16
2
1
2
13
4
1
1
9
1
2
4
47
16
1
2
2
18
12
12
6
10
8
2
18
8
5
4
1
2
10
1
2
4
6
13
3
3
2
4
1
12
12
5
2
34
2
2
1
4
8
4
9
22
1
3
4
2
2
4
1
1
10
5
3
1
4
11
1
7
16
38
10
20
3
18
1
3
7
2
6
8
3
20
5
2
2
1
1
1
4
10
3
6
2
7
4
6
4
1
36
1
13
4
1
15
90
16
11
1
1
5
1
4
1
7
4
2
8
6
9
35
1
1
2
2
24
2
6
13
14
6
4
7
10
3
3
16
6
19
9
4
2
1
23
1
1
6
4
21
2
6
6
29
7
7
3
8
7
11
1
5
5
8
3
2
6
2
1
4
3
4
8
1
25
2
6
10
3
1
3
2
2
3
1
1
4
2
2
10
2
10
5
2
10
12
1
6
2
2
8
13
1
3
2
16
7
11
22
4
6
89
5
3
3
1
3
2
12
8
12
7
2
4
1
16
15
14
4
15
14
3
1
3
7
4
46
1
10
70
3
4
1
2
2
10
4
2
2
1
6
12
2
23
3
3
3
1
2
6
2
1
5
3
3
10
9
7
1
7
2
6
10
9
7
5
4
0
4
6
2
3
2
2
25
1
9
4
7
2
15
2
6
21
7
6
12
3
3
1
3
16
4
15
2
2
4
2
18
8
2
2
17
4
2
40
3
2
10
20
2
1
1
3
10
3
9
20
2
6
12
12
4
2
5
1
3
4
6
3
1
2
3
1
7
5
1
1
5
3
3
1
10
16
1
2
10
4
3
40
2
2
32
1
3
4
8
4
3
3
2
4
8
6
3
2
1
8
6
2
6
2
4
6
6
3
2
2
3
4
10
1
6
25
4
14
34
1
9
45
1
2
16
11
4
4
2
1
2
30
12
7
14
3
2
6
16
21
4
3
6
9
20
2
4
1
2
3
1
7
1
4
4
16
1
2
2
4
4
2
3
2
3
6
4
11
3
1
1
1
1
6
31
6
4
1
56
12
1